map_files_base_url = Oulu_keskusta
mapwest = 25.400390625
mapnorth = 65.03506043658814
mapeast = 25.576171875
mapsouth = 64.9607663214987
initial_zoom_level = 12
max_zoom_level = 18
tile_width = 256
tile_height = 256
x_tiles = 2
y_tiles = 2
initial_x_tile = 2337
initial_y_tile = 1065